4003 4146 4293 4444 4583 4715 4841 4967 5095 5225 5353 5479 5606 5731 5850 5967 6086 6199 6304 6408 6508 6613 6709 6800 6895 6987 7063 7132 7197 7268 7343 7419 7492 7573 7660 7744 7812 7873 7938 7998 8056 8108 8156 8195 8236 8280 8316 8355 8398 8422 8436 8447 8448 8447 8442 8425 8403 8369 8318 8265 8206 8134 8065 7987 7912 7833 7749 7670 7594 7511 7428 7337 7248 7162 7073 6988 6905 6813 6715 6616 6521 6425 6316 6202 6088 5966 5839 5712 5579 5449 5319 5182 5046 4908 4772 4635 4492 4347 4201 4051 
4157 4304 4455 4607 4748 4885 5017 5147 5281 5415 5549 5681 5813 5940 6065 6187 6307 6426 6532 6640 6749 6854 6954 7050 7153 7246 7324 7394 7462 7530 7605 7685 7763 7850 7939 8022 8095 8161 8223 8289 8347 8400 8448 8492 8536 8581 8619 8657 8699 8724 8737 8745 8747 8745 8739 8720 8696 8656 8607 8555 8493 8421 8352 8275 8196 8115 8029 7946 7862 7776 7689 7595 7503 7408 7315 7225 7137 7042 6943 6841 6741 6642 6530 6414 6294 6169 6041 5909 5778 5646 5512 5372 5229 5090 4950 4807 4661 4512 4361 4206 
4308 4460 4612 4765 4911 5054 5189 5326 5463 5605 5745 5881 6017 6148 6275 6399 6524 6644 6754 6867 6978 7088 7193 7297 7399 7494 7575 7650 7721 7790 7862 7945 8029 8117 8206 8294 8370 8437 8506 8568 8628 8679 8730 8777 8825 8873 8914 8951 8987 9012 9028 9033 9034 9034 9023 9002 8976 8939 8889 8837 8771 8697 8629 8551 8474 8388 8298 8213 8128 8034 7942 7843 7748 7648 7548 7454 7360 7261 7160 7058 6955 6850 6736 6618 6495 6365 6234 6101 5968 5837 5699 5555 5410 5265 5123 4974 4823 4671 4516 4355 
4460 4614 4768 4926 5077 5222 5363 5503 5648 5795 5941 6081 6222 6358 6485 6611 6737 6860 6975 7090 7202 7319 7434 7537 7640 7735 7820 7900 7974 8047 8124 8206 8289 8377 8469 8560 8637 8710 8778 8843 8898 8952 9004 9052 9102 9156 9197 9232 9268 9289 9304 9313 9313 9310 9301 9275 9251 9215 9165 9107 9043 8967 8896 8820 8741 8655 8560 8473 8385 8288 8189 8085 7984 7883 7779 7677 7580 7476 7372 7268 7163 7055 6936 6816 6692 6558 6421 6287 6153 6020 5883 5735 5587 5439 5289 5139 4982 4825 4667 4502 
4604 4760 4920 5084 5237 5388 5531 5677 5827 5979 6127 6274 6420 6557 6690 6817 6943 7072 7188 7304 7423 7546 7663 7769 7871 7970 8058 8140 8220 8300 8383 8466 8542 8631 8727 8818 8902 8976 9045 9108 9167 9219 9272 9321 9375 9428 9470 9506 9542 9562 9575 9584 9585 9580 9569 9546 9519 9481 9427 9371 9303 9228 9156 9075 8995 8907 8816 8724 8632 8532 8429 8316 8212 8105 7998 7895 7791 7685 7576 7467 7360 7251 7131 7010 6883 6746 6607 6467 6331 6198 6060 5913 5761 5610 5457 5299 5141 4978 4815 4647 
4742 4904 5070 5237 5397 5551 5700 5851 6004 6159 6314 6464 6613 6756 6892 7022 7154 7281 7399 7521 7646 7772 7889 7998 8105 8206 8296 8382 8468 8555 8640 8724 8801 8886 8980 9077 9159 9235 9304 9370 9429 9483 9534 9587 9637 9689 9731 9770 9806 9828 9842 9845 9845 9842 9831 9807 9780 9736 9683 9625 9558 9481 9409 9325 9241 9156 9063 8973 8876 8771 8663 8548 8435 8323 8213 8108 8002 7889 7777 7662 7551 7442 7323 7198 7068 6930 6788 6645 6504 6369 6230 6082 5930 5775 5618 5457 5291 5127 4958 4783 
4876 5044 5213 5387 5551 5713 5868 6021 6177 6337 6496 6649 6800 6948 7088 7225 7358 7487 7608 7738 7864 7989 8110 8224 8335 8440 8532 8624 8715 8804 8892 8979 9060 9144 9236 9331 9415 9487 9559 9628 9686 9740 9796 9845 9894 9943 9985 10023 10064 10087 10098 10101 10096 10094 10086 10059 10028 9986 9929 9872 9805 9727 9651 9567 9484 9395 9303 9212 9116 9005 8894 8774 8658 8539 8425 8316 8209 8094 7975 7857 7742 7632 7511 7385 7253 7112 6968 6823 6680 6540 6399 6249 6096 5940 5779 5614 5445 5273 5101 4920 
5008 5179 5355 5533 5704 5872 6032 6188 6348 6512 6672 6830 6986 7134 7283 7422 7558 7693 7823 7951 8077 8204 8328 8447 8561 8671 8770 8865 8958 9048 9139 9232 9314 9404 9495 9584 9665 9741 9813 9884 9941 9997 10051 10099 10145 10196 10234 10273 10315 10338 10350 10351 10349 10344 10333 10305 10274 10229 10173 10113 10045 9965 9889 9804 9722 9632 9537 9444 9345 9237 9120 8996 8879 8758 8636 8524 8412 8295 8174 8051 7936 7819 7694 7568 7435 7291 7145 6999 6853 6710 6563 6411 6255 6098 5937 5767 5594 5417 5237 5054 
5134 5311 5491 5677 5854 6027 6189 6351 6515 6679 6844 7005 7164 7320 7466 7610 7753 7898 8030 8158 8283 8414 8541 8661 8781 8897 9002 9099 9190 9283 9378 9472 9562 9653 9746 9833 9910 9987 10062 10132 10193 10246 10296 10343 10391 10438 10480 10517 10557 10581 10593 10598 10596 10590 10573 10546 10516 10469 10411 10350 10277 10197 10122 10038 9952 9864 9765 9666 9567 9456 9341 9215 9094 8970 8847 8726 8610 8489 8369 8247 8124 8004 7874 7744 7610 7466 7319 7171 7024 6876 6726 6567 6409 6250 6088 5917 5737 5556 5372 5181 
5267 5447 5633 5826 6007 6181 6350 6515 6680 6850 7016 7180 7345 7502 7653 7799 7954 8102 8235 8367 8494 8624 8753 8876 8999 9123 9228 9329 9422 9516 9612 9712 9803 9898 9991 10082 10161 10234 10308 10383 10441 10492 10540 10587 10632 10683 10723 10759 10795 10818 10834 10841 10837 10827 10814 10784 10753 10708 10646 10581 10508 10426 10352 10266 10182 10089 9989 9889 9785 9673 9559 9436 9310 9183 9056 8932 8807 8684 8562 8438 8313 8187 8054 7917 7779 7636 7488 7338 7188 7038 6882 6720 6556 6395 6230 6057 5877 5690 5502 5307 
5399 5586 5779 5973 6157 6338 6509 6677 6848 7021 7190 7358 7524 7684 7841 7999 8153 8303 8441 8578 8709 8839 8967 9095 9224 9346 9456 9559 9657 9751 9850 9951 10044 10139 10238 10333 10416 10491 10563 10635 10693 10743 10793 10836 10881 10931 10970 11003 11040 11062 11080 11085 11078 11071 11056 11027 10994 10946 10884 10817 10743 10661 10582 10498 10411 10317 10215 10114 10007 9894 9780 9656 9533 9401 9268 9141 9017 8886 8759 8630 8505 8377 8237 8099 7957 7809 7661 7509 7356 7202 7044 6877 6710 6542 6374 6198 6016 5829 5635 5438 
5528 5723 5918 6114 6302 6487 6661 6834 7010 7186 7361 7530 7697 7863 8029 8191 8348 8498 8642 8785 8919 9052 9183 9313 9442 9567 9677 9785 9882 9983 10082 10182 10275 10374 10477 10579 10665 10745 10816 10881 10937 10990 11037 11083 11127 11172 11209 11243 11280 11306 11318 11319 11315 11307 11293 11264 11230 11178 11115 11052 10976 10889 10811 10722 10633 10539 10436 10331 10227 10112 9995 9871 9747 9616 9478 9349 9224 9090 8952 8820 8690 8561 8420 8278 8134 7980 7826 7673 7517 7360 7200 7032 6859 6688 6512 6333 6148 5959 5767 5564 
5661 5860 6058 6259 6450 6635 6816 6994 7172 7356 7532 7704 7877 8050 8219 8382 8544 8701 8846 8993 9131 9269 9405 9533 9660 9787 9899 10004 10109 10209 10311 10410 10504 10607 10715 10821 10914 10994 11065 11130 11182 11231 11282 11326 11368 11411 11444 11480 11521 11542 11552 11552 11546 11539 11525 11494 11458 11407 11344 11280 11204 11116 11034 10943 10852 10756 10651 10549 10442 10328 10209 10082 9957 9826 9693 9561 9430 9292 9153 9010 8877 8743 8603 8459 8311 8155 7995 7834 7677 7519 7357 7186 7013 6837 6657 6470 6282 6092 5898 5695 
5789 5991 6195 6400 6592 6784 6967 7148 7332 7516 7697 7875 8057 8233 8400 8566 8732 8895 9043 9188 9333 9478 9615 9745 9870 9995 10108 10220 10321 10425 10525 10628 10724 10829 10940 11050 11144 11226 11298 11367 11416 11462 11510 11553 11594 11636 11671 11706 11745 11763 11772 11772 11764 11756 11740 11707 11671 11622 11561 11494 11418 11331 11246 11152 11058 10958 10855 10752 10647 10532 10414 10284 10155 10026 9895 9764 9627 9485 9342 9198 9055 8919 8776 8631 8480 8318 8155 7987 7825 7666 7501 7329 7152 6975 6791 6601 6408 6215 6018 5813 
5912 6120 6327 6534 6734 6930 7116 7301 7484 7671 7857 8046 8231 8407 8578 8746 8917 9082 9234 9385 9531 9679 9820 9952 10080 10201 10316 10430 10533 10631 10736 10841 10942 11047 11160 11271 11364 11448 11526 11594 11647 11691 11731 11772 11813 11858 11896 11928 11960 11979 11986 11982 11976 11963 11944 11911 11877 11829 11767 11701 11623 11534 11451 11354 11256 11158 11054 10951 10846 10733 10612 10482 10352 10222 10089 9957 9824 9677 9530 9383 9240 9096 8952 8801 8648 8483 8314 8147 7978 7812 7646 7471 7291 7110 6925 6733 6536 6336 6136 5928 
6034 6244 6453 6667 6872 7072 7264 7450 7634 7825 8019 8209 8396 8576 8751 8923 9092 9260 9417 9573 9721 9867 10013 10149 10277 10405 10517 10629 10732 10833 10935 11046 11148 11259 11370 11478 11573 11660 11738 11812 11865 11908 11948 11984 12026 12075 12111 12140 12172 12185 12192 12190 12177 12164 12142 12110 12077 12028 11967 11900 11821 11731 11646 11549 11452 11352 11248 11144 11039 10924 10805 10675 10547 10411 10274 10143 10009 9865 9714 9565 9420 9277 9121 8967 8808 8641 8473 8301 8130 7957 7784 7606 7423 7239 7052 6858 6657 6453 6246 6034 
6156 6369 6584 6803 7013 7218 7412 7600 7788 7983 8176 8365 8554 8740 8919 9094 9266 9435 9597 9755 9905 10055 10201 10340 10476 10605 10720 10827 10929 11035 11141 11248 11357 11467 11579 11687 11782 11869 11950 12025 12080 12125 12165 12204 12244 12289 12323 12354 12383 12395 12399 12394 12380 12362 12344 12310 12275 12227 12165 12097 12018 11927 11839 11744 11649 11548 11442 11338 11230 11115 10997 10870 10738 10601 10461 10325 10190 10046 9900 9748 9600 9451 9294 9128 8966 8796 8626 8452 8276 8100 7919 7735 7548 7363 7172 6974 6772 6563 6351 6135 
6265 6486 6707 6930 7147 7353 7548 7742 7937 8133 8323 8513 8705 8893 9076 9254 9431 9605 9765 9925 10079 10232 10378 10519 10658 10792 10905 11016 11118 11223 11332 11444 11547 11659 11772 11885 11977 12063 12144 12218 12277 12325 12370 12412 12451 12488 12522 12552 12584 12595 12595 12586 12570 12554 12532 12500 12462 12412 12349 12281 12201 12108 12024 11927 11832 11733 11628 11522 11414 11298 11182 11052 10920 10782 10640 10500 10361 10219 10074 9927 9773 9619 9456 9289 9118 8945 8769 8592 8412 8231 8048 7857 7665 7475 7281 7081 6876 6664 6450 6230 
6369 6595 6821 7050 7266 7474 7673 7873 8071 8267 8460 8652 8846 9035 9220 9405 9587 9763 9925 10085 10242 10397 10548 10690 10829 10964 11082 11196 11302 11406 11516 11629 11732 11840 11959 12070 12166 12250 12327 12404 12463 12518 12570 12611 12646 12686 12714 12746 12779 12788 12786 12773 12756 12740 12719 12684 12647 12592 12528 12459 12377 12288 12204 12108 12011 11914 11809 11702 11594 11479 11359 11228 11096 10957 10813 10672 10531 10389 10244 10095 9944 9784 9617 9448 9278 9093 8913 8729 8547 8365 8177 7984 7784 7587 7391 7187 6977 6765 6549 6325 
6474 6704 6936 7167 7386 7594 7801 8002 8199 8401 8598 8793 8986 9177 9366 9555 9741 9919 10084 10246 10401 10562 10715 10859 10996 11131 11255 11374 11483 11593 11699 11808 11914 12027 12140 12256 12351 12436 12514 12588 12654 12712 12765 12807 12844 12882 12914 12941 12970 12980 12976 12964 12945 12927 12906 12870 12828 12774 12706 12634 12556 12467 12384 12288 12194 12093 11988 11883 11775 11657 11536 11405 11269 11130 10985 10844 10706 10562 10412 10261 10108 9953 9786 9612 9435 9250 9057 8870 8684 8499 8309 8110 7906 7704 7501 7291 7080 6864 6646 6422 
6572 6809 7042 7276 7501 7717 7921 8123 8324 8530 8732 8928 9124 9317 9510 9700 9887 10071 10238 10402 10561 10719 10875 11019 11159 11297 11420 11544 11659 11768 11875 11982 12089 12202 12318 12429 12527 12616 12694 12772 12839 12897 12947 12994 13033 13074 13105 13130 13156 13164 13164 13152 13133 13113 13088 13050 13007 12948 12881 12811 12732 12645 12561 12469 12372 12272 12165 12061 11953 11834 11715 11581 11443 11301 11158 11019 10881 10733 10578 10421 10268 10116 9952 9773 9590 9397 9205 9008 8818 8628 8436 8235 8029 7822 7611 7398 7182 6963 6743 6518 
6671 6908 7146 7383 7615 7834 8039 8241 8448 8657 8860 9061 9261 9459 9651 9842 10032 10218 10389 10557 10719 10878 11029 11177 11322 11462 11588 11713 11829 11939 12047 12160 12262 12374 12491 12602 12699 12789 12874 12957 13021 13074 13129 13173 13218 13262 13290 13316 13340 13346 13346 13338 13318 13296 13267 13225 13180 13120 13053 12986 12905 12816 12736 12642 12545 12444 12339 12231 12122 12007 11885 11752 11611 11469 11327 11189 11048 10898 10739 10579 10425 10271 10106 9928 9739 9541 9344 9147 8946 8753 8554 8352 8145 7932 7719 7498 7277 7055 6833 6605 
6758 6996 7237 7483 7716 7935 8146 8353 8560 8772 8978 9184 9390 9589 9783 9975 10165 10354 10529 10702 10866 11024 11176 11324 11471 11615 11745 11868 11981 12094 12208 12319 12425 12533 12646 12763 12860 12951 13043 13125 13188 13242 13292 13341 13384 13428 13461 13484 13511 13516 13514 13507 13487 13461 13431 13385 13337 13281 13215 13145 13066 12978 12895 12802 12704 12603 12496 12388 12280 12163 12045 11909 11770 11629 11486 11344 11202 11050 10891 10731 10572 10413 10245 10064 9877 9677 9475 9272 9072 8866 8665 8456 8245 8034 7816 7592 7365 7139 6913 6682 
6840 7083 7328 7574 7809 8031 8247 8459 8669 8881 9094 9303 9508 9710 9907 10100 10289 10482 10661 10837 11001 11162 11319 11466 11613 11762 11891 12013 12127 12242 12356 12471 12577 12685 12799 12912 13017 13114 13200 13283 13350 13404 13455 13501 13543 13587 13620 13650 13676 13683 13681 13669 13646 13620 13587 13541 13494 13436 13371 13302 13223 13135 13050 12955 12858 12754 12647 12541 12431 12314 12195 12063 11925 11785 11638 11493 11348 11197 11040 10878 10715 10550 10375 10192 10006 9807 9602 9397 9188 8984 8770 8556 8342 8128 7909 7682 7454 7221 6990 6756 
6917 7168 7416 7660 7897 8125 8344 8559 8774 8993 9206 9417 9623 9826 10025 10219 10413 10606 10788 10964 11131 11299 11456 11608 11757 11901 12030 12154 12271 12385 12499 12616 12723 12835 12949 13065 13172 13270 13356 13437 13505 13563 13615 13657 13698 13740 13774 13806 13838 13845 13842 13826 13798 13770 13739 13694 13648 13588 13521 13454 13375 13284 13199 13102 13001 12899 12793 12684 12575 12457 12338 12210 12074 11931 11782 11634 11489 11339 11180 11016 10850 10679 10499 10315 10126 9927 9725 9514 9303 9090 8876 8653 8435 8215 7994 7768 7536 7301 7064 6824 
7000 7250 7501 7750 7990 8220 8443 8661 8883 9107 9322 9532 9743 9946 10144 10344 10540 10738 10916 11094 11268 11437 11599 11752 11900 12042 12171 12296 12410 12526 12640 12756 12868 12982 13101 13223 13326 13420 13511 13592 13660 13718 13769 13813 13850 13893 13928 13960 13995 14005 13998 13981 13951 13921 13893 13850 13802 13742 13675 13604 13525 13435 13347 13247 13145 13043 12934 12825 12714 12597 12482 12353 12217 12073 11921 11774 11632 11479 11317 11150 10980 10808 10625 10435 10244 10044 9839 9631 9414 9198 8981 8760 8530 8308 8082 7852 7619 7380 7142 6896 
7083 7335 7588 7844 8087 8317 8541 8766 8990 9217 9436 9649 9857 10063 10265 10465 10667 10864 11046 11225 11400 11573 11737 11891 12037 12182 12310 12431 12547 12661 12776 12896 13007 13128 13254 13374 13477 13569 13656 13744 13813 13864 13916 13959 14000 14042 14077 14111 14143 14152 14149 14129 14100 14071 14040 13997 13950 13889 13821 13748 13666 13576 13487 13386 13285 13178 13069 12958 12847 12732 12616 12488 12348 12203 12052 11907 11766 11608 11441 11270 11100 10928 10742 10548 10352 10149 9944 9733 9518 9301 9082 8854 8627 8396 8166 7929 7692 7452 7210 6964 
7153 7409 7668 7925 8171 8404 8632 8858 9086 9315 9538 9753 9963 10169 10374 10578 10777 10979 11165 11346 11520 11696 11861 12014 12165 12310 12436 12557 12670 12785 12903 13023 13140 13265 13391 13512 13615 13707 13796 13881 13950 14003 14048 14094 14135 14180 14217 14248 14278 14285 14283 14269 14239 14211 14179 14132 14086 14025 13954 13881 13797 13702 13615 13517 13414 13307 13194 13083 12974 12858 12742 12611 12471 12326 12179 12036 11891 11730 11557 11384 11212 11038 10852 10655 10453 10246 10037 9825 9612 9398 9174 8946 8716 8486 8245 8004 7760 7516 7275 7022 
7224 7484 7746 8005 8252 8492 8723 8950 9179 9413 9636 9854 10069 10277 10482 10686 10888 11092 11281 11463 11641 11814 11979 12138 12289 12435 12561 12681 12793 12910 13028 13151 13272 13395 13519 13642 13746 13843 13932 14012 14079 14132 14182 14222 14266 14314 14351 14378 14406 14413 14410 14399 14374 14343 14311 14264 14213 14151 14081 14005 13919 13824 13737 13637 13537 13428 13315 13204 13094 12979 12859 12727 12587 12447 12300 12155 12008 11842 11668 11491 11315 11138 10951 10751 10547 10333 10118 9908 9695 9479 9260 9032 8799 8563 8322 8070 7822 7574 7328 7075 
7292 7553 7815 8077 8330 8571 8806 9036 9267 9500 9726 9946 10164 10378 10584 10788 10994 11198 11386 11574 11751 11924 12090 12250 12402 12548 12676 12795 12911 13026 13146 13275 13394 13514 13638 13759 13870 13969 14055 14136 14198 14252 14304 14349 14389 14437 14471 14499 14525 14531 14531 14519 14495 14468 14433 14384 14332 14267 14196 14119 14032 13940 13850 13749 13647 13541 13429 13316 13206 13089 12968 12835 12699 12560 12411 12262 12112 11946 11771 11591 11411 11230 11037 10837 10630 10411 10194 9980 9766 9553 9335 9109 8874 8636 8390 8138 7883 7630 7379 7124 
7358 7621 7884 8150 8406 8650 8886 9121 9353 9586 9813 10038 10257 10471 10682 10890 11094 11299 11491 11676 11855 12031 12199 12354 12506 12653 12780 12905 13018 13137 13261 13387 13505 13626 13746 13872 13982 14080 14169 14247 14314 14366 14419 14469 14510 14548 14583 14612 14640 14647 14647 14635 14609 14582 14549 14499 14447 14380 14303 14227 14143 14046 13958 13854 13752 13646 13536 13425 13311 13191 13071 12942 12805 12663 12510 12358 12206 12041 11866 11683 11500 11312 11116 10910 10701 10483 10263 10044 9827 9614 9396 9169 8936 8695 8446 8193 7936 7674 7424 7167 
7423 7687 7955 8222 8478 8725 8965 9199 9435 9670 9900 10128 10349 10563 10777 10988 11193 11399 11591 11776 11956 12136 12303 12459 12607 12754 12886 13009 13128 13251 13374 13497 13615 13735 13860 13983 14091 14188 14278 14363 14429 14485 14539 14586 14626 14666 14695 14726 14756 14766 14765 14751 14724 14695 14665 14618 14563 14493 14415 14337 14251 14157 14064 13963 13861 13753 13644 13533 13418 13297 13179 13050 12912 12765 12608 12454 12303 12136 11961 11778 11588 11398 11195 10985 10773 10553 10331 10110 9891 9674 9454 9228 8992 8752 8504 8246 7986 7729 7473 7215 
7486 7753 8023 8292 8547 8794 9033 9269 9506 9746 9979 10207 10430 10649 10861 11072 11283 11489 11678 11867 12049 12226 12396 12552 12701 12848 12979 13107 13230 13355 13475 13600 13715 13839 13964 14085 14189 14283 14378 14466 14538 14596 14650 14694 14731 14773 14805 14831 14864 14874 14874 14858 14829 14803 14772 14725 14670 14599 14521 14439 14350 14253 14164 14061 13960 13853 13740 13627 13515 13398 13278 13145 13004 12855 12695 12541 12388 12221 12044 11859 11668 11471 11266 11054 10839 10613 10390 10170 9947 9725 9502 9273 9036 8797 8549 8289 8031 7773 7518 7251 
7552 7822 8092 8362 8620 8863 9102 9339 9578 9821 10057 10287 10513 10732 10945 11157 11365 11572 11766 11953 12135 12313 12481 12640 12793 12940 13071 13204 13328 13450 13575 13697 13818 13940 14062 14182 14283 14379 14473 14566 14643 14703 14755 14800 14837 14878 14913 14943 14969 14980 14979 14964 14937 14910 14879 14828 14775 14708 14625 14541 14448 14351 14262 14161 14059 13951 13836 13722 13613 13498 13376 13240 13094 12944 12786 12629 12475 12306 12128 11940 11746 11549 11342 11128 10908 10680 10454 10231 10007 9783 9554 9320 9084 8844 8595 8338 8080 7820 7561 7294 
7608 7879 8150 8420 8676 8922 9159 9397 9639 9881 10119 10355 10582 10799 11014 11226 11432 11642 11839 12026 12205 12384 12553 12714 12869 13020 13157 13286 13408 13534 13656 13787 13904 14025 14144 14260 14366 14460 14557 14653 14729 14790 14846 14892 14931 14973 15008 15039 15066 15070 15070 15058 15034 15007 14973 14926 14875 14805 14724 14636 14544 14445 14354 14254 14152 14040 13927 13816 13705 13587 13466 13327 13178 13027 12869 12712 12555 12383 12204 12014 11817 11620 11413 11194 10973 10743 10513 10285 10059 9833 9599 9363 9122 8882 8637 8380 8121 7857 7596 7327 
7652 7923 8195 8465 8721 8966 9207 9445 9685 9929 10170 10406 10636 10856 11068 11279 11491 11701 11896 12085 12265 12441 12617 12776 12933 13092 13229 13357 13478 13602 13732 13861 13980 14096 14214 14332 14435 14534 14634 14728 14803 14864 14923 14973 15014 15059 15093 15121 15148 15155 15151 15142 15118 15091 15060 15014 14962 14891 14808 14725 14631 14532 14439 14336 14230 14120 14008 13898 13784 13662 13536 13398 13250 13097 12937 12779 12620 12445 12263 12073 11877 11675 11466 11248 11025 10792 10558 10327 10095 9865 9632 9391 9148 8908 8665 8409 8147 7881 7619 7346 
7693 7966 8236 8508 8765 9010 9252 9491 9731 9978 10220 10455 10686 10908 11118 11333 11546 11758 11951 12139 12321 12504 12676 12840 13001 13158 13296 13427 13547 13674 13803 13933 14049 14167 14286 14404 14510 14611 14711 14804 14879 14940 15000 15053 15099 15144 15179 15207 15232 15243 15243 15227 15203 15179 15152 15104 15050 14979 14898 14812 14721 14621 14527 14417 14310 14202 14091 13976 13861 13735 13606 13467 13321 13168 13005 12843 12683 12506 12321 12131 11933 11729 11516 11300 11077 10840 10604 10367 10130 9898 9661 9422 9180 8937 8692 8434 8171 7905 7639 7366 
7714 7991 8263 8534 8793 9041 9280 9520 9766 10012 10253 10490 10719 10938 11155 11372 11584 11796 11991 12177 12364 12548 12725 12891 13053 13206 13346 13478 13605 13732 13857 13985 14102 14223 14345 14464 14575 14676 14773 14868 14943 15005 15065 15120 15167 15215 15250 15280 15308 15318 15319 15304 15276 15256 15227 15180 15125 15055 14975 14890 14798 14700 14601 14491 14383 14273 14158 14042 13921 13795 13666 13525 13377 13225 13060 12895 12731 12553 12370 12177 11976 11772 11562 11342 11117 10881 10640 10402 10165 9926 9688 9450 9209 8964 8712 8450 8188 7919 7653 7380 
7737 8017 8293 8565 8824 9071 9312 9553 9799 10047 10288 10523 10750 10972 11189 11408 11620 11831 12026 12220 12404 12591 12775 12942 13098 13255 13392 13529 13657 13784 13908 14032 14153 14276 14401 14528 14636 14738 14835 14928 15006 15068 15128 15181 15228 15277 15316 15349 15380 15390 15387 15377 15355 15326 15298 15250 15200 15129 15049 14967 14876 14772 14676 14567 14459 14343 14224 14104 13982 13854 13726 13584 13434 13279 13115 12948 12781 12603 12419 12225 12022 11819 11609 11387 11158 10919 10680 10442 10202 9962 9723 9482 9240 8992 8736 8470 8202 7934 7668 7393 
7753 8033 8311 8588 8845 9091 9336 9579 9822 10071 10312 10542 10772 10995 11211 11429 11644 11856 12056 12249 12439 12630 12814 12980 13140 13292 13436 13571 13698 13825 13949 14078 14196 14322 14453 14579 14691 14791 14889 14983 15059 15123 15183 15236 15281 15331 15374 15412 15443 15452 15454 15444 15421 15395 15359 15317 15266 15197 15120 15039 14948 14844 14748 14642 14529 14410 14285 14162 14039 13911 13780 13639 13486 13328 13161 12995 12830 12649 12462 12268 12068 11863 11650 11427 11195 10953 10715 10476 10235 9996 9756 9511 9263 9012 8757 8486 8213 7943 7676 7400 
7767 8045 8324 8601 8863 9112 9357 9601 9847 10091 10329 10565 10793 11015 11231 11450 11663 11882 12081 12277 12473 12666 12845 13014 13174 13333 13473 13610 13735 13861 13991 14121 14243 14371 14502 14629 14740 14844 14941 15038 15114 15176 15237 15289 15335 15386 15431 15469 15500 15513 15519 15508 15482 15456 15427 15377 15328 15261 15187 15107 15017 14918 14822 14710 14597 14473 14346 14220 14095 13965 13834 13688 13535 13374 13204 13039 12875 12692 12504 12311 12111 11905 11689 11462 11230 10989 10743 10503 10265 10023 9782 9533 9279 9026 8767 8496 8221 7945 7675 7403 
7779 8058 8333 8611 8878 9133 9377 9621 9866 10109 10348 10584 10814 11034 11252 11471 11688 11904 12109 12311 12506 12696 12880 13045 13211 13371 13513 13645 13772 13901 14031 14166 14294 14423 14551 14680 14792 14896 14999 15094 15171 15232 15291 15344 15392 15445 15487 15523 15559 15577 15581 15571 15545 15520 15492 15446 15391 15326 15252 15175 15089 14991 14894 14779 14660 14537 14408 14281 14153 14020 13885 13738 13580 13419 13250 13082 12915 12734 12549 12355 12152 11945 11727 11497 11266 11020 10775 10534 10294 10053 9806 9554 9300 9040 8777 8504 8228 7948 7678 7404 
7790 8067 8343 8621 8889 9145 9395 9636 9877 10125 10366 10599 10828 11050 11266 11490 11706 11924 12134 12338 12530 12722 12904 13076 13238 13399 13541 13676 13803 13934 14066 14206 14336 14466 14596 14721 14838 14945 15047 15147 15222 15284 15343 15396 15446 15497 15537 15574 15612 15629 15635 15624 15603 15579 15549 15506 15456 15385 15314 15240 15157 15057 14958 14842 14721 14595 14468 14339 14210 14071 13932 13781 13622 13461 13291 13120 12951 12772 12589 12394 12190 11978 11760 11531 11293 11048 10805 10564 10320 10073 9825 9571 9313 9052 8785 8507 8227 7951 7679 7404 
7806 8081 8359 8639 8903 9158 9409 9651 9895 10142 10384 10618 10845 11066 11287 11509 11728 11952 12161 12361 12558 12748 12933 13105 13270 13426 13569 13709 13838 13968 14108 14248 14379 14511 14642 14771 14889 14997 15101 15199 15278 15339 15401 15455 15501 15550 15592 15632 15666 15682 15688 15683 15662 15639 15612 15567 15520 15454 15379 15308 15222 15122 15021 14904 14785 14658 14528 14401 14267 14126 13981 13825 13668 13506 13331 13160 12993 12811 12625 12433 12226 12014 11794 11560 11324 11081 10837 10596 10349 10096 9847 9590 9329 9066 8796 8512 8232 7954 7686 7409 
7811 8088 8365 8642 8908 9159 9406 9654 9902 10148 10388 10624 10853 11074 11293 11519 11743 11967 12173 12375 12569 12765 12949 13121 13285 13444 13588 13729 13861 14000 14136 14279 14412 14545 14679 14812 14932 15037 15142 15242 15320 15386 15449 15502 15545 15594 15638 15676 15710 15723 15733 15728 15709 15686 15659 15616 15567 15506 15435 15355 15269 15166 15066 14950 14831 14705 14573 14440 14308 14161 14013 13859 13700 13536 13361 13190 13022 12838 12651 12455 12251 12039 11812 11577 11344 11101 10856 10610 10360 10109 9853 9593 9333 9065 8792 8512 8229 7951 7682 7405 
7824 8102 8376 8652 8916 9165 9414 9661 9912 10160 10399 10633 10866 11088 11306 11536 11760 11980 12189 12389 12587 12782 12968 13139 13303 13467 13614 13754 13892 14033 14173 14314 14448 14582 14721 14856 14978 15085 15186 15288 15368 15435 15498 15547 15593 15643 15682 15720 15753 15771 15779 15773 15754 15733 15708 15668 15622 15558 15486 15408 15313 15211 15112 14999 14880 14754 14621 14486 14348 14202 14052 13896 13733 13569 13397 13225 13053 12869 12680 12483 12278 12063 11838 11604 11368 11125 10876 10626 10377 10123 9867 9604 9339 9069 8797 8515 8236 7957 7684 7404 
7835 8110 8385 8660 8919 9171 9422 9668 9917 10167 10408 10643 10873 11098 11323 11549 11769 11992 12198 12402 12600 12794 12978 13152 13321 13485 13635 13782 13916 14059 14203 14346 14478 14617 14755 14894 15018 15127 15231 15331 15415 15480 15539 15593 15639 15687 15725 15759 15797 15815 15824 15817 15797 15778 15758 15721 15675 15608 15531 15452 15360 15253 15156 15042 14926 14798 14666 14529 14390 14241 14093 13931 13767 13605 13432 13260 13088 12899 12711 12515 12303 12089 11869 11635 11397 11147 10895 10647 10393 10137 9883 9617 9346 9077 8804 8522 8241 7962 7688 7407 
7835 8112 8386 8658 8921 9172 9424 9670 9917 10164 10409 10646 10877 11104 11329 11555 11775 11995 12205 12406 12603 12796 12980 13158 13330 13497 13651 13799 13938 14077 14220 14367 14505 14641 14784 14920 15047 15160 15268 15372 15450 15515 15577 15631 15678 15723 15760 15798 15833 15851 15861 15854 15836 15818 15801 15767 15719 15650 15570 15487 15398 15295 15191 15079 14960 14836 14702 14566 14429 14279 14124 13964 13799 13636 13460 13287 13114 12926 12736 12535 12326 12115 11892 11660 11417 11163 10910 10659 10405 10148 9889 9622 9355 9080 8808 8526 8242 7960 7689 7405 
7837 8113 8385 8661 8925 9177 9426 9672 9919 10167 10410 10651 10888 11113 11332 11561 11781 12002 12209 12410 12604 12797 12986 13164 13339 13512 13666 13815 13956 14097 14237 14387 14528 14670 14808 14947 15074 15192 15307 15411 15488 15551 15617 15670 15714 15759 15798 15836 15870 15886 15895 15892 15877 15861 15843 15807 15758 15687 15606 15524 15432 15330 15230 15109 14993 14866 14736 14601 14463 14312 14157 13993 13831 13661 13485 13308 13135 12949 12754 12552 12347 12136 11911 11672 11428 11176 10919 10663 10410 10151 9889 9623 9354 9083 8807 8525 8241 7959 7683 7398 
7838 8110 8386 8664 8929 9181 9430 9673 9922 10171 10415 10658 10895 11120 11341 11564 11788 12009 12213 12411 12604 12800 12989 13171 13349 13520 13678 13829 13968 14112 14258 14404 14548 14691 14833 14970 15101 15223 15339 15444 15524 15590 15650 15705 15747 15795 15836 15870 15905 15920 15930 15928 15917 15902 15881 15842 15791 15720 15641 15559 15466 15361 15261 15144 15020 14895 14765 14633 14494 14344 14191 14026 13856 13688 13505 13329 13155 12963 12771 12577 12370 12156 11926 11683 11439 11186 10926 10670 10411 10151 9893 9623 9355 9083 8808 8522 8240 7956 7675 7389 
7834 8111 8387 8666 8932 9184 9432 9679 9925 10175 10422 10663 10895 11125 11346 11570 11790 12011 12215 12411 12607 12802 12994 13178 13356 13529 13687 13839 13981 14127 14275 14427 14565 14709 14856 14997 15129 15252 15366 15476 15560 15624 15684 15733 15781 15828 15867 15903 15934 15953 15965 15963 15952 15935 15913 15871 15818 15749 15671 15589 15496 15389 15287 15169 15048 14917 14788 14654 14519 14373 14220 14053 13884 13708 13528 13348 13169 12977 12790 12597 12390 12170 11936 11695 11447 11189 10931 10673 10413 10153 9893 9627 9356 9082 8806 8523 8235 7948 7667 7383 
7831 8109 8387 8664 8931 9183 9435 9682 9930 10179 10425 10663 10897 11123 11348 11573 11791 12008 12213 12415 12609 12807 13001 13183 13362 13536 13694 13847 13994 14142 14292 14444 14586 14728 14877 15025 15158 15276 15395 15506 15590 15656 15714 15766 15810 15859 15897 15931 15967 15985 16000 15999 15983 15963 15939 15897 15845 15775 15697 15616 15523 15416 15311 15191 15072 14943 14806 14674 14542 14398 14245 14078 13905 13729 13545 13362 13180 12994 12805 12609 12399 12178 11947 11702 11451 11192 10930 10672 10414 10154 9895 9628 9360 9083 8807 8521 8231 7941 7664 7380 
7823 8099 8376 8654 8920 9176 9429 9677 9926 10174 10414 10654 10885 11112 11334 11561 11779 11995 12202 12405 12605 12804 12996 13178 13357 13529 13690 13847 13993 14145 14295 14448 14593 14740 14889 15036 15170 15293 15410 15521 15604 15670 15733 15785 15828 15873 15914 15949 15986 16008 16021 16018 16000 15975 15949 15909 15858 15787 15708 15627 15536 15427 15321 15202 15080 14951 14817 14682 14551 14406 14256 14087 13913 13737 13547 13361 13187 12996 12807 12607 12393 12178 11946 11698 11447 11186 10923 10667 10409 10152 9893 9626 9358 9083 8802 8511 8221 7935 7654 7373 
7818 8094 8368 8646 8915 9170 9424 9675 9923 10167 10409 10644 10877 11102 11323 11546 11767 11988 12193 12398 12601 12799 12989 13170 13348 13520 13684 13842 13992 14142 14295 14452 14598 14750 14901 15042 15180 15306 15423 15530 15613 15680 15745 15799 15842 15886 15925 15965 16002 16024 16036 16028 16008 15982 15955 15914 15863 15793 15713 15632 15539 15431 15327 15205 15081 14950 14821 14688 14551 14409 14256 14090 13919 13737 13547 13366 13187 12998 12800 12597 12388 12170 11937 11691 11437 11176 10915 10656 10401 10144 9887 9621 9353 9075 8791 8498 8209 7922 7644 7360 
7810 8087 8362 8639 8908 9165 9420 9670 9916 10162 10401 10638 10867 11092 11310 11533 11755 11979 12190 12395 12594 12794 12985 13162 13341 13515 13678 13839 13989 14142 14297 14456 14606 14757 14907 15055 15190 15315 15434 15541 15622 15692 15756 15812 15857 15905 15947 15984 16025 16042 16052 16044 16020 15996 15970 15925 15873 15803 15725 15641 15547 15441 15337 15214 15089 14961 14829 14698 14564 14413 14263 14098 13924 13745 13560 13377 13197 13000 12802 12598 12388 12169 11935 11688 11436 11176 10913 10657 10399 10144 9888 9624 9354 9072 8787 8497 8205 7918 7640 7360 
7798 8073 8350 8627 8893 9151 9405 9652 9901 10146 10387 10622 10851 11071 11290 11516 11736 11961 12177 12382 12579 12777 12969 13148 13326 13501 13666 13825 13977 14134 14290 14453 14603 14753 14907 15056 15192 15311 15427 15538 15622 15688 15755 15810 15861 15914 15958 15997 16031 16052 16058 16048 16028 16001 15976 15930 15875 15805 15725 15642 15549 15441 15336 15217 15094 14964 14833 14701 14566 14418 14263 14095 13922 13751 13567 13383 13198 12997 12797 12596 12381 12163 11928 11680 11431 11171 10910 10652 10397 10141 9887 9621 9350 9070 8787 8494 8204 7915 7638 7357 
7780 8059 8334 8612 8880 9132 9383 9632 9877 10124 10364 10600 10826 11047 11268 11493 11716 11942 12153 12361 12561 12756 12946 13128 13308 13483 13648 13808 13962 14119 14280 14443 14592 14748 14902 15050 15185 15304 15415 15526 15612 15681 15744 15806 15859 15916 15965 16001 16037 16049 16058 16048 16027 16002 15973 15928 15874 15799 15717 15637 15544 15434 15332 15218 15097 14968 14836 14701 14565 14420 14263 14091 13926 13754 13572 13386 13196 12997 12795 12588 12377 12154 11920 11674 11423 11167 10906 10649 10394 10140 9882 9616 9348 9073 8792 8498 8206 7920 7640 7356 
7760 8035 8313 8591 8855 9106 9354 9598 9845 10089 10329 10564 10792 11017 11238 11465 11689 11912 12122 12328 12531 12730 12918 13097 13280 13455 13619 13783 13936 14096 14256 14419 14574 14731 14885 15031 15164 15283 15397 15503 15589 15660 15730 15791 15849 15908 15957 15997 16029 16041 16045 16039 16016 15989 15963 15914 15858 15782 15699 15617 15524 15419 15320 15207 15090 14963 14828 14692 14557 14406 14251 14088 13916 13747 13561 13373 13187 12986 12782 12573 12358 12139 11904 11657 11410 11152 10894 10638 10384 10127 9869 9603 9338 9064 8786 8494 8204 7915 7635 7351 
7741 8016 8292 8570 8830 9081 9327 9569 9811 10054 10291 10527 10760 10986 11211 11439 11659 11881 12091 12296 12497 12699 12893 13072 13250 13428 13596 13757 13915 14073 14231 14398 14554 14711 14864 15009 15141 15261 15375 15483 15565 15640 15715 15781 15838 15898 15948 15987 16021 16033 16038 16025 16005 15976 15947 15897 15836 15762 15678 15592 15502 15403 15306 15194 15077 14950 14817 14682 14541 14389 14239 14076 13907 13729 13542 13356 13171 12970 12764 12554 12339 12119 11884 11638 11390 11135 10876 10623 10367 10109 9852 9589 9325 9053 8776 8490 8202 7911 7630 7346 
7718 7992 8265 8537 8800 9047 9294 9534 9772 10011 10248 10487 10719 10949 11177 11403 11623 11844 12053 12258 12457 12658 12857 13038 13216 13393 13562 13727 13883 14040 14201 14369 14525 14681 14833 14978 15112 15231 15345 15453 15542 15618 15695 15766 15824 15882 15931 15968 16005 16020 16023 16010 15982 15955 15922 15869 15811 15731 15647 15565 15477 15378 15285 15174 15054 14927 14798 14660 14519 14372 14220 14056 13885 13705 13517 13334 13147 12947 12742 12532 12319 12096 11861 11615 11367 11112 10855 10599 10345 10090 9835 9572 9310 9038 8766 8482 8196 7907 7624 7338 
7697 7969 8237 8509 8766 9017 9260 9498 9736 9972 10211 10448 10682 10914 11141 11369 11590 11811 12019 12222 12423 12622 12819 13005 13189 13364 13532 13697 13852 14011 14174 14340 14496 14649 14801 14947 15080 15201 15313 15425 15516 15597 15675 15744 15806 15862 15908 15948 15985 16000 16004 15988 15960 15924 15893 15839 15775 15693 15610 15534 15447 15347 15254 15143 15024 14898 14764 14629 14496 14347 14196 14029 13852 13677 13490 13302 13117 12917 12715 12509 12293 12073 11836 11590 11343 11088 10827 10573 10320 10070 9816 9554 9291 9023 8752 8470 8187 7899 7617 7331 
7666 7936 8205 8472 8730 8975 9219 9454 9692 9934 10168 10406 10641 10870 11098 11328 11551 11773 11980 12184 12384 12580 12777 12966 13153 13334 13499 13659 13819 13980 14140 14305 14456 14611 14763 14909 15044 15164 15283 15396 15488 15571 15650 15717 15776 15833 15880 15918 15955 15969 15974 15958 15926 15889 15851 15798 15731 15650 15573 15496 15412 15313 15215 15104 14989 14859 14725 14596 14465 14318 14163 13990 13816 13639 13452 13265 13076 12881 12682 12476 12264 12043 11808 11561 11315 11059 10795 10540 10292 10042 9791 9528 9269 9001 8731 8451 8170 7885 7606 7320 
7625 7896 8163 8432 8685 8929 9167 9405 9646 9886 10125 10361 10592 10821 11049 11280 11505 11728 11938 12142 12339 12534 12731 12919 13109 13292 13459 13620 13779 13939 14097 14258 14410 14564 14715 14862 14997 15124 15245 15362 15455 15535 15612 15676 15732 15789 15839 15877 15910 15925 15930 15914 15881 15843 15804 15741 15681 15605 15526 15452 15368 15268 15172 15059 14939 14812 14685 14555 14424 14277 14118 13947 13769 13591 13402 13215 13028 12833 12636 12433 12222 12004 11768 11523 11273 11017 10756 10502 10252 10005 9753 9496 9238 8971 8702 8423 8143 7861 7585 7304 
7591 7858 8127 8394 8645 8883 9124 9360 9601 9843 10083 10319 10547 10775 11003 11234 11459 11686 11897 12098 12296 12492 12688 12876 13064 13246 13419 13584 13738 13894 14051 14212 14362 14516 14667 14813 14954 15084 15209 15328 15421 15497 15569 15631 15687 15744 15794 15833 15867 15879 15883 15865 15835 15796 15753 15695 15633 15561 15484 15408 15321 15223 15130 15013 14890 14768 14642 14513 14379 14226 14073 13901 13720 13538 13348 13162 12980 12785 12588 12388 12179 11963 11731 11482 11233 10977 10720 10468 10218 9967 9720 9463 9208 8943 8675 8396 8118 7838 7568 7295 
7562 7828 8093 8358 8608 8849 9090 9324 9563 9808 10045 10281 10511 10737 10965 11194 11420 11646 11856 12057 12255 12452 12649 12835 13019 13203 13375 13539 13695 13846 14001 14163 14312 14465 14616 14767 14910 15043 15171 15290 15380 15453 15522 15583 15640 15696 15744 15784 15820 15831 15830 15814 15782 15743 15706 15651 15591 15516 15441 15361 15273 15177 15080 14965 14848 14722 14596 14466 14327 14176 14019 13848 13666 13481 13290 13108 12925 12735 12538 12338 12133 11920 11687 11441 11192 10940 10681 10432 10183 9933 9683 9428 9174 8912 8645 8369 8093 7817 7553 7281 
7537 7797 8057 8319 8572 8817 9059 9291 9529 9767 10006 10240 10471 10701 10927 11154 11379 11602 11810 12015 12215 12412 12609 12791 12978 13158 13327 13490 13645 13800 13952 14111 14262 14415 14571 14725 14870 15005 15132 15249 15336 15407 15477 15537 15592 15648 15696 15735 15770 15781 15782 15761 15728 15694 15665 15612 15552 15477 15393 15318 15231 15128 15032 14924 14807 14683 14552 14416 14281 14128 13968 13793 13611 13428 13239 13053 12873 12682 12489 12291 12087 11875 11644 11400 11158 10904 10648 10396 10151 9903 9651 9394 9142 8880 8618 8344 8072 7802 7536 7264 
7499 7758 8013 8275 8529 8775 9022 9254 9486 9723 9956 10192 10424 10655 10884 11108 11328 11549 11758 11962 12166 12364 12556 12742 12926 13104 13269 13429 13585 13741 13895 14052 14199 14358 14515 14672 14820 14953 15077 15190 15277 15350 15420 15481 15535 15590 15639 15676 15708 15721 15722 15700 15669 15642 15614 15566 15506 15425 15344 15265 15177 15074 14982 14874 14759 14634 14497 14361 14223 14069 13905 13729 13547 13369 13179 12994 12810 12621 12429 12236 12031 11819 11592 11354 11114 10866 10607 10358 10112 9865 9616 9357 9102 8844 8583 8316 8051 7779 7514 7243 
7456 7713 7972 8233 8486 8734 8980 9213 9446 9676 9907 10140 10374 10605 10835 11058 11274 11494 11703 11909 12111 12308 12506 12687 12870 13045 13208 13366 13521 13676 13832 13991 14142 14299 14459 14618 14765 14896 15015 15127 15214 15287 15358 15417 15473 15528 15574 15610 15643 15653 15653 15638 15613 15585 15561 15512 15451 15373 15291 15209 15115 15022 14926 14818 14703 14573 14439 14300 14157 13998 13834 13659 13481 13300 13114 12928 12743 12553 12363 12167 11965 11756 11533 11298 11062 10816 10564 10313 10068 9821 9573 9316 9063 8805 8550 8288 8023 7752 7488 7223 
7417 7675 7935 8199 8452 8697 8941 9174 9407 9638 9865 10095 10325 10558 10785 11007 11226 11444 11654 11860 12059 12259 12456 12638 12816 12990 13152 13310 13461 13616 13772 13938 14093 14251 14410 14568 14712 14839 14958 15069 15155 15228 15298 15358 15414 15469 15512 15546 15579 15587 15590 15582 15560 15536 15509 15458 15398 15325 15240 15155 15068 14967 14876 14765 14644 14517 14382 14242 14095 13932 13768 13598 13418 13240 13051 12867 12682 12491 12297 12102 11900 11699 11478 11245 11012 10770 10520 10274 10028 9782 9534 9283 9033 8776 8526 8263 7997 7728 7471 7206 
7380 7637 7897 8162 8416 8657 8899 9129 9362 9596 9825 10051 10277 10503 10730 10953 11173 11396 11603 11802 12006 12203 12397 12579 12758 12929 13092 13246 13397 13549 13710 13876 14035 14198 14354 14507 14649 14774 14894 15006 15091 15161 15232 15293 15348 15400 15445 15477 15506 15520 15528 15520 15503 15479 15449 15397 15340 15263 15181 15103 15011 14912 14814 14702 14580 14451 14316 14173 14025 13863 13700 13527 13351 13171 12983 12797 12615 12422 12226 12030 11834 11632 11417 11186 10955 10716 10468 10225 9984 9737 9495 9245 9000 8750 8495 8232 7968 7704 7448 7184 
7342 7598 7858 8122 8373 8615 8851 9079 9312 9547 9778 10004 10225 10445 10669 10894 11117 11340 11546 11748 11944 12140 12332 12511 12692 12866 13023 13179 13328 13485 13646 13815 13975 14138 14295 14443 14580 14708 14826 14938 15022 15091 15162 15222 15275 15328 15371 15403 15436 15453 15464 15460 15441 15416 15389 15339 15276 15200 15124 15047 14958 14856 14754 14637 14517 14386 14248 14105 13958 13801 13636 13463 13284 13106 12917 12733 12547 12356 12161 11968 11769 11571 11356 11131 10902 10663 10420 10180 9942 9706 9462 9216 8975 8725 8472 8206 7947 7684 7428 7168 
7303 7561 7819 8079 8329 8567 8804 9030 9262 9496 9726 9952 10172 10391 10611 10834 11057 11277 11489 11690 11882 12071 12262 12441 12620 12792 12953 13105 13261 13419 13582 13750 13908 14068 14223 14372 14507 14632 14753 14860 14944 15015 15083 15140 15194 15246 15288 15324 15364 15382 15395 15391 15369 15345 15322 15270 15207 15135 15058 14983 14896 14791 14689 14570 14443 14312 14171 14030 13889 13731 13570 13395 13214 13034 12848 12661 12476 12284 12096 11902 11704 11505 11295 11070 10844 10610 10367 10130 9902 9669 9433 9188 8945 8695 8444 8184 7922 7659 7407 7150 
7268 7524 7780 8037 8281 8518 8754 8983 9212 9443 9670 9894 10118 10337 10555 10773 10988 11213 11420 11619 11811 11997 12184 12363 12539 12710 12870 13031 13185 13346 13510 13677 13831 13987 14139 14290 14428 14551 14668 14777 14859 14928 14995 15051 15103 15154 15201 15242 15282 15306 15317 15308 15289 15267 15240 15190 15135 15061 14984 14909 14818 14717 14613 14493 14363 14224 14088 13948 13807 13654 13493 13319 13137 12956 12766 12581 12396 12210 12019 11830 11632 11434 11224 11002 10779 10548 10308 10077 9853 9628 9399 9156 8910 8660 8413 8154 7894 7632 7383 7127 
7231 7487 7740 7995 8237 8470 8706 8934 9164 9390 9613 9837 10058 10279 10495 10707 10923 11139 11345 11541 11732 11920 12104 12276 12453 12623 12788 12950 13110 13270 13433 13597 13748 13900 14052 14201 14340 14464 14579 14687 14770 14832 14898 14954 15003 15058 15110 15153 15199 15221 15231 15223 15204 15180 15153 15109 15054 14985 14906 14825 14736 14632 14531 14408 14275 14139 13999 13861 13721 13569 13411 13237 13057 12873 12681 12495 12317 12129 11941 11751 11558 11361 11149 10929 10710 10481 10249 10021 9801 9583 9355 9115 8873 8626 8378 8120 7866 7608 7356 7102 
7193 7447 7700 7953 8196 8427 8658 8885 9112 9337 9557 9776 9995 10212 10427 10643 10852 11063 11262 11458 11647 11833 12015 12184 12355 12530 12697 12861 13023 13185 13343 13505 13654 13807 13956 14104 14239 14364 14483 14588 14666 14730 14791 14844 14899 14956 15010 15059 15104 15122 15133 15128 15105 15079 15058 15013 14961 14893 14812 14730 14635 14532 14427 14305 14174 14042 13903 13762 13624 13472 13315 13145 12963 12780 12588 12405 12224 12040 11851 11665 11472 11277 11068 10849 10629 10408 10180 9959 9745 9524 9300 9064 8829 8585 8337 8081 7830 7574 7325 7076 
7146 7399 7652 7907 8149 8380 8608 8828 9052 9277 9495 9711 9926 10139 10355 10568 10775 10981 11175 11365 11553 11734 11915 12084 12257 12429 12599 12765 12924 13084 13243 13400 13550 13702 13851 13994 14128 14252 14371 14476 14552 14613 14674 14727 14783 14843 14901 14949 14992 15012 15023 15015 14993 14969 14943 14902 14850 14778 14699 14616 14520 14410 14305 14183 14058 13926 13791 13650 13507 13358 13202 13031 12853 12672 12486 12301 12120 11935 11751 11565 11374 11180 10973 10755 10539 10318 10098 9885 9672 9455 9231 9003 8770 8530 8288 8033 7781 7528 7290 7044 
7105 7355 7609 7864 8107 8336 8562 8777 8997 9218 9435 9651 9861 10074 10286 10495 10701 10905 11094 11280 11460 11641 11819 11992 12168 12340 12506 12668 12824 12980 13137 13296 13442 13592 13738 13881 14012 14132 14247 14353 14430 14488 14550 14609 14663 14724 14782 14826 14870 14891 14900 14889 14873 14849 14823 14778 14724 14652 14569 14489 14391 14279 14173 14054 13927 13801 13665 13526 13383 13230 13076 12906 12730 12557 12371 12188 12008 11823 11637 11454 11265 11074 10867 10656 10442 10225 10009 9797 9589 9374 9157 8929 8700 8465 8228 7976 7725 7479 7243 7001 
7056 7301 7553 7809 8051 8278 8499 8715 8929 9144 9360 9573 9787 9994 10202 10409 10611 10813 11002 11180 11356 11531 11713 11885 12063 12236 12395 12551 12704 12857 13010 13169 13316 13460 13606 13748 13877 13991 14104 14207 14284 14346 14409 14468 14527 14584 14637 14683 14727 14746 14753 14749 14729 14709 14683 14633 14576 14501 14418 14334 14238 14130 14026 13905 13781 13652 13520 13381 13241 13087 12930 12765 12594 12421 12239 12058 11881 11697 11510 11328 11141 10952 10753 10544 10336 10125 9906 9695 9489 9281 9066 8842 8617 8386 8151 7904 7664 7418 7182 6944 
7012 7256 7503 7756 7996 8220 8442 8653 8866 9076 9284 9500 9710 9917 10121 10324 10523 10722 10907 11086 11257 11433 11612 11786 11962 12130 12289 12439 12586 12736 12887 13042 13187 13334 13476 13615 13739 13853 13961 14061 14139 14204 14270 14328 14385 14442 14491 14536 14578 14593 14607 14601 14585 14561 14533 14485 14423 14346 14260 14175 14081 13980 13876 13757 13630 13501 13368 13233 13091 12941 12786 12622 12454 12282 12102 11926 11751 11568 11385 11202 11015 10834 10637 10435 10232 10021 9805 9592 9389 9183 8972 8754 8534 8303 8072 7835 7599 7357 7122 6886 
6963 7208 7453 7698 7933 8158 8376 8587 8796 9004 9211 9417 9626 9831 10035 10233 10429 10623 10806 10984 11161 11335 11514 11685 11857 12021 12177 12326 12466 12612 12760 12911 13054 13201 13343 13475 13599 13709 13816 13914 13992 14057 14125 14183 14235 14290 14343 14382 14420 14444 14455 14453 14435 14409 14379 14329 14269 14186 14097 14015 13925 13823 13725 13605 13477 13346 13214 13076 12939 12790 12644 12479 12308 12141 11963 11789 11617 11440 11258 11076 10895 10713 10524 10329 10126 9918 9703 9495 9290 9084 8879 8666 8448 8222 7999 7765 7532 7295 7065 6829 
6909 7154 7397 7638 7868 8087 8305 8513 8721 8929 9133 9335 9536 9740 9941 10140 10329 10520 10702 10883 11063 11240 11416 11581 11748 11910 12062 12206 12346 12486 12628 12777 12917 13059 13197 13331 13449 13557 13662 13761 13838 13903 13969 14025 14078 14131 14181 14221 14263 14282 14298 14293 14274 14247 14215 14163 14100 14018 13929 13849 13759 13661 13562 13445 13317 13186 13050 12913 12777 12638 12491 12330 12160 11991 11818 11644 11478 11303 11123 10949 10768 10591 10405 10211 10013 9806 9596 9389 9186 8982 8778 8567 8353 8138 7920 7688 7459 7226 7000 6769 
6851 7092 7332 7573 7798 8011 8223 8431 8638 8844 9045 9246 9443 9638 9839 10033 10222 10407 10591 10775 10956 11135 11307 11466 11630 11787 11934 12076 12212 12350 12488 12634 12770 12905 13041 13173 13291 13395 13500 13598 13675 13738 13801 13854 13907 13959 14005 14052 14095 14114 14126 14121 14101 14072 14039 13984 13918 13839 13756 13673 13585 13486 13388 13272 13148 13015 12879 12741 12612 12472 12329 12170 12005 11837 11660 11496 11330 11157 10986 10813 10639 10466 10279 10087 9891 9691 9482 9277 9079 8879 8674 8463 8259 8049 7835 7608 7382 7152 6930 6701 
6781 7019 7258 7496 7720 7928 8132 8338 8544 8747 8949 9147 9342 9534 9724 9917 10103 10295 10477 10662 10845 11019 11189 11346 11505 11656 11799 11938 12071 12208 12346 12485 12614 12748 12879 13007 13125 13232 13335 13432 13506 13567 13627 13679 13727 13777 13832 13875 13921 13941 13949 13942 13920 13891 13855 13798 13735 13659 13575 13498 13405 13306 13208 13092 12968 12839 12704 12572 12439 12299 12157 12004 11841 11676 11504 11334 11173 11007 10837 10672 10503 10332 10148 9955 9763 9567 9363 9165 8972 8772 8571 8368 8165 7958 7749 7527 7306 7080 6859 6631 
6705 6941 7177 7413 7634 7839 8041 8239 8441 8645 8845 9043 9236 9424 9610 9793 9984 10177 10364 10546 10723 10895 11062 11218 11372 11519 11658 11792 11924 12060 12195 12330 12455 12584 12712 12837 12954 13063 13168 13261 13331 13389 13450 13496 13541 13596 13649 13697 13739 13758 13769 13755 13732 13701 13664 13610 13551 13475 13393 13313 13223 13122 13024 12906 12783 12657 12532 12398 12264 12124 11982 11830 11671 11512 11342 11172 11013 10851 10686 10528 10361 10193 10011 9821 9628 9435 9240 9048 8856 8660 8467 8269 8067 7861 7658 7442 7225 7001 6781 6558 
6628 6857 7090 7323 7540 7745 7944 8138 8334 8535 8735 8932 9123 9308 9491 9676 9861 10056 10242 10423 10594 10763 10927 11076 11229 11372 11506 11638 11767 11899 12028 12164 12288 12411 12536 12659 12776 12884 12989 13081 13146 13204 13260 13304 13353 13405 13459 13504 13546 13563 13570 13559 13530 13497 13464 13414 13357 13285 13201 13120 13030 12932 12829 12711 12589 12469 12346 12214 12081 11941 11799 11647 11493 11337 11168 11007 10848 10686 10530 10373 10209 10044 9866 9677 9488 9302 9112 8923 8737 8551 8362 8166 7968 7764 7564 7355 7142 6920 6706 6484 
6550 6779 7005 7233 7450 7651 7848 8041 8234 8426 8624 8819 9008 9192 9378 9563 9750 9938 10120 10297 10471 10634 10791 10938 11086 11228 11360 11489 11613 11737 11866 11998 12120 12244 12364 12485 12600 12708 12809 12899 12966 13017 13070 13118 13164 13216 13266 13307 13348 13362 13367 13353 13326 13293 13263 13215 13162 13090 13008 12928 12837 12735 12635 12516 12399 12279 12157 12029 11899 11760 11617 11471 11317 11161 11002 10842 10689 10532 10373 10221 10058 9898 9722 9537 9354 9173 8983 8799 8624 8443 8258 8065 7869 7670 7473 7264 7054 6841 6629 6412 
6470 6694 6917 7140 7352 7551 7747 7939 8127 8317 8506 8698 8886 9073 9262 9448 9635 9820 9991 10168 10339 10501 10653 10795 10941 11080 11213 11337 11453 11575 11697 11826 11946 12069 12191 12307 12419 12523 12622 12712 12776 12826 12881 12926 12973 13021 13065 13106 13141 13154 13157 13141 13116 13090 13058 13013 12960 12888 12809 12731 12637 12534 12434 12323 12204 12083 11962 11836 11710 11573 11436 11290 11137 10988 10829 10676 10529 10375 10219 10064 9908 9747 9577 9399 9220 9039 8854 8680 8509 8333 8152 7963 7770 7576 7382 7172 6967 6757 6551 6338 
6388 6604 6825 7046 7251 7448 7642 7829 8018 8203 8389 8573 8762 8950 9141 9328 9508 9691 9864 10030 10198 10358 10512 10648 10791 10930 11057 11178 11291 11404 11523 11647 11765 11887 12008 12124 12229 12329 12429 12515 12576 12632 12686 12730 12773 12816 12859 12893 12929 12938 12940 12928 12905 12879 12854 12805 12751 12681 12602 12524 12432 12330 12234 12122 12005 11883 11762 11637 11512 11384 11250 11104 10957 10809 10653 10506 10362 10210 10058 9906 9747 9593 9428 9256 9078 8901 8724 8554 8388 8216 8040 7855 7668 7476 7283 7080 6875 6668 6466 6261 
6297 6511 6725 6941 7147 7338 7526 7713 7897 8082 8264 8448 8633 8822 9011 9195 9376 9556 9726 9890 10049 10209 10361 10500 10638 10772 10895 11011 11121 11231 11344 11465 11580 11700 11818 11930 12035 12135 12230 12313 12379 12432 12489 12530 12565 12607 12644 12677 12708 12716 12721 12711 12688 12665 12638 12592 12536 12465 12384 12308 12219 12124 12028 11915 11799 11680 11558 11432 11313 11187 11056 10919 10772 10626 10476 10329 10187 10039 9889 9739 9586 9436 9278 9105 8933 8765 8591 8424 8261 8093 7921 7743 7559 7369 7182 6980 6781 6578 6382 6179 
6202 6413 6623 6834 7036 7225 7408 7590 7773 7954 8139 8322 8507 8690 8874 9057 9238 9416 9580 9743 9903 10053 10205 10342 10479 10605 10725 10838 10943 11052 11161 11276 11390 11505 11618 11727 11834 11932 12023 12110 12173 12228 12280 12318 12354 12387 12423 12451 12480 12488 12494 12483 12463 12439 12411 12365 12312 12235 12155 12080 11998 11905 11811 11699 11582 11464 11343 11220 11101 10975 10852 10718 10577 10437 10286 10141 10000 9854 9706 9561 9416 9270 9111 8945 8780 8617 8447 8282 8121 7956 7790 7615 7434 7251 7066 6869 6675 6480 6285 6085 
6097 6306 6515 6721 6916 7102 7283 7460 7639 7822 8004 8187 8369 8547 8725 8905 9083 9258 9422 9581 9740 9891 10034 10168 10301 10428 10540 10649 10753 10857 10967 11080 11187 11298 11406 11516 11618 11714 11812 11895 11958 12009 12057 12094 12126 12160 12188 12214 12243 12252 12256 12248 12226 12201 12173 12127 12070 11997 11914 11842 11760 11670 11580 11470 11354 11233 11118 10998 10875 10756 10633 10504 10371 10234 10086 9941 9803 9657 9514 9377 9235 9091 8938 8780 8621 8460 8294 8132 7973 7812 7648 7475 7301 7121 6942 6752 6566 6372 6181 5984 
5982 6188 6394 6597 6788 6966 7143 7318 7495 7675 7858 8037 8215 8390 8566 8739 8911 9085 9248 9406 9561 9711 9852 9975 10107 10230 10342 10445 10544 10650 10756 10868 10970 11074 11184 11287 11386 11485 11580 11665 11724 11771 11819 11851 11882 11913 11941 11965 11994 12001 12008 11997 11974 11948 11919 11870 11814 11741 11667 11592 11510 11421 11333 11227 11111 10995 10880 10758 10643 10521 10402 10276 10147 10014 9869 9728 9588 9447 9309 9174 9034 8895 8752 8598 8442 8284 8122 7965 7812 7654 7491 7324 7152 6978 6807 6625 6441 6252 6065 5872 
5856 6058 6260 6460 6647 6821 6991 7166 7341 7518 7696 7872 8046 8220 8392 8560 8727 8897 9059 9216 9371 9514 9652 9775 9896 10017 10127 10229 10324 10427 10533 10638 10739 10844 10945 11046 11145 11240 11334 11415 11472 11518 11561 11593 11620 11647 11676 11701 11725 11733 11737 11726 11701 11674 11641 11592 11535 11471 11397 11326 11243 11153 11066 10961 10854 10739 10623 10507 10392 10275 10156 10031 9903 9773 9632 9492 9358 9220 9085 8951 8816 8687 8546 8398 8243 8088 7932 7782 7634 7477 7321 7157 6991 6824 6661 6482 6303 6118 5935 5744 
5727 5922 6120 6316 6501 6672 6841 7010 7183 7358 7530 7701 7875 8044 8212 8378 8542 8707 8865 9021 9173 9313 9446 9565 9685 9797 9904 10006 10100 10197 10297 10402 10501 10602 10700 10798 10894 10985 11073 11149 11205 11248 11290 11318 11342 11370 11397 11420 11448 11449 11451 11439 11414 11382 11349 11298 11247 11183 11112 11042 10963 10872 10783 10683 10577 10464 10355 10241 10128 10016 9900 9773 9645 9517 9378 9244 9117 8985 8852 8724 8598 8471 8335 8187 8038 7886 7736 7591 7445 7297 7143 6984 6826 6668 6507 6333 6160 5980 5799 5613 
5589 5781 5972 6165 6347 6518 6683 6850 7017 7187 7357 7525 7693 7859 8024 8188 8350 8512 8665 8816 8965 9102 9234 9348 9466 9576 9676 9775 9866 9960 10054 10158 10255 10351 10451 10546 10636 10723 10804 10876 10927 10969 11009 11033 11058 11086 11112 11135 11160 11162 11159 11145 11116 11085 11049 11004 10952 10890 10822 10755 10677 10588 10501 10401 10293 10187 10082 9972 9865 9753 9639 9514 9384 9257 9123 8997 8875 8745 8620 8501 8377 8254 8118 7976 7830 7686 7539 7395 7258 7113 6966 6814 6663 6507 6352 6183 6014 5837 5662 5477 
5438 5627 5816 6002 6183 6350 6514 6676 6838 7002 7170 7335 7497 7658 7821 7982 8142 8301 8451 8595 8739 8874 9004 9119 9231 9340 9438 9528 9615 9707 9803 9899 9992 10092 10187 10281 10367 10445 10524 10588 10635 10674 10710 10737 10760 10787 10815 10834 10857 10858 10856 10834 10804 10771 10741 10695 10643 10581 10515 10451 10375 10290 10206 10103 10002 9897 9796 9694 9589 9480 9365 9240 9112 8986 8858 8736 8617 8494 8377 8261 8143 8020 7890 7751 7612 7471 7327 7190 7055 6917 6778 6635 6485 6333 6183 6019 5852 5680 5507 5323 
5279 5465 5651 5836 6010 6175 6335 6494 6651 6813 6974 7134 7293 7451 7610 7768 7923 8079 8225 8366 8504 8635 8765 8877 8991 9095 9190 9276 9355 9447 9538 9633 9723 9818 9914 10002 10084 10160 10229 10291 10331 10364 10402 10427 10450 10477 10503 10523 10544 10543 10537 10517 10481 10450 10418 10374 10322 10260 10194 10131 10060 9977 9892 9799 9697 9595 9499 9399 9299 9191 9078 8953 8830 8711 8585 8464 8351 8238 8123 8011 7896 7781 7653 7520 7384 7245 7108 6976 6847 6716 6586 6445 6300 6154 6007 5846 5686 5516 5343 5164 
5112 5295 5479 5661 5833 5991 6147 6302 6459 6615 6771 6924 7080 7237 7392 7545 7697 7847 7990 8128 8264 8391 8516 8628 8741 8845 8933 9017 9096 9178 9267 9361 9449 9539 9629 9715 9792 9862 9929 9982 10018 10048 10083 10107 10130 10156 10181 10201 10223 10217 10210 10188 10157 10119 10084 10041 9991 9929 9862 9801 9731 9648 9571 9480 9384 9285 9190 9092 8993 8889 8777 8658 8539 8426 8302 8185 8080 7968 7858 7749 7641 7531 7410 7280 7145 7013 6880 6753 6633 6511 6383 6246 6108 5966 5821 5666 5508 5339 5171 4992 
4948 5125 5307 5485 5656 5811 5960 6112 6264 6417 6567 6716 6866 7019 7172 7320 7465 7612 7750 7886 8021 8145 8266 8374 8486 8587 8676 8757 8832 8911 8993 9085 9171 9259 9342 9423 9497 9563 9625 9674 9705 9733 9762 9786 9807 9832 9857 9877 9896 9892 9882 9861 9828 9790 9748 9705 9656 9595 9530 9468 9395 9319 9245 9160 9070 8977 8884 8786 8688 8585 8481 8366 8254 8142 8025 7916 7808 7700 7593 7492 7388 7284 7168 7041 6913 6784 6656 6537 6425 6306 6181 6050 5916 5777 5639 5485 5327 5163 4996 4823 
4772 4946 5121 5298 5465 5619 5766 5910 6058 6206 6354 6498 6643 6789 6937 7082 7223 7364 7499 7633 7765 7888 8007 8110 8216 8317 8406 8484 8554 8634 8715 8799 8883 8966 9047 9120 9190 9254 9310 9357 9385 9405 9434 9454 9474 9498 9522 9540 9559 9554 9547 9521 9486 9447 9407 9360 9313 9254 9192 9127 9058 8984 8914 8835 8751 8661 8571 8475 8378 8280 8180 8072 7963 7859 7748 7640 7537 7427 7326 7230 7133 7032 6919 6801 6678 6553 6431 6320 6210 6093 5975 5847 5715 5583 5447 5294 5141 4978 4817 4645 
